469
-2 0 0 3
-1 0 1 3
0 0 1 3
-1 -1 -1 4
0 -1 -1 4
-1 -1 0 4
0 -1 0 4
-2 0 1 3
1 0 1 3
-1 -1 -2 4
0 -1 -2 4
-2 -1 -1 4
1 -1 -1 4
-3 0 0 3
1 -1 0 4
-1 0 2 3
0 0 2 3
-2 -1 -2 4
1 -1 -2 4
-3 0 1 3
2 0 1 3
-1 -1 -3 4
0 -1 -3 4
-2 0 2 3
1 0 2 3
-3 -1 -1 4
2 -1 -1 4
2 -1 0 4
-2 -1 -3 4
1 -1 -3 4
-3 -1 -2 4
2 -1 -2 4
-4 0 -1 3
-4 0 0 3
-3 0 2 3
2 0 2 3
-1 0 3 3
0 0 3 3
-1 -1 -4 4
0 -1 -4 4
-4 0 1 3
3 0 1 3
-3 -1 -3 4
2 -1 -3 4
-2 0 3 3
1 3 3 11
1 0 3 3
3 -1 -1 4
-1 1 -5 0
0 1 -5 0
0 2 -5 0
3 -1 0 4
-2 -1 -4 4
1 -1 -4 4
-4 -1 -2 4
3 -1 -2 4
0 0 -5 0
0 3 -5 0
-4 0 2 3
3 0 2 3
-3 0 3 3
2 0 3 3
-5 0 -1 3
-5 0 0 3
4 0 0 3
-3 -1 -4 4
2 -1 -4 4
-4 -1 -3 4
3 -1 -3 4
-5 0 -2 3
-1 4 -5 0
-1 -1 -5 4
0 -1 -5 4
0 4 -5 0
-1 0 4 3
0 0 4 3
-5 0 1 3
4 0 1 3
4 -1 -1 4
-2 -1 -5 4
1 -1 -5 4
1 4 -5 0
-2 0 4 3
1 3 4 11
1 0 4 3
-5 0 -3 3
4 -1 -2 4
-4 0 3 3
3 0 3 3
-4 -1 -4 4
3 -1 -4 4
-5 0 2 3
4 0 2 3
-3 -1 -5 4
-1 5 -5 8
0 5 -5 8
-3 0 4 3
2 -1 -5 4
2 4 -5 0
3 1 -5 0
3 2 -5 0
1 4 4 11
2 3 4 11
2 0 4 3
4 -1 -3 4
-6 0 -1 3
5 0 -1 3
-2 5 -5 0
1 5 -5 8
3 0 -5 0
3 3 -5 0
-6 0 0 3
5 0 0 3
-6 0 -2 3
-1 -1 -6 4
0 -1 -6 4
2 4 4 11
-1 0 5 3
0 0 5 3
0 3 5 11
-6 0 1 3
-2 -1 -6 4
-5 0 3 3
1 -1 -6 4
4 0 3 3
5 -1 -1 4
-4 -1 -5 4
-4 0 4 3
2 5 -5 8
3 -1 -5 4
3 4 -5 0
3 0 4 3
-5 -1 -4 4
-2 0 5 3
4 -1 -4 4
1 3 5 11
1 0 5 3
-6 0 -3 3
5 -1 -2 4
4 1 -5 0
2 1 5 10
2 2 5 10
-6 0 2 3
-3 -1 -6 4
2 -1 -6 4
-2 6 -5 8
-3 0 5 3
1 4 5 11
2 0 5 3
2 3 5 10
5 -1 -3 4
3 5 -5 8
-6 0 -4 3
-7 0 -1 3
6 0 -1 3
-5 -1 -5 4
-5 0 4 3
4 -1 -5 4
4 4 -5 0
4 0 4 3
-7 0 0 3
2 4 5 11
-1 -1 -7 4
0 -1 -7 4
-7 0 -2 3
6 0 -2 3
-4 -1 -6 4
-6 0 3 3
3 -1 -6 4
-4 0 5 3
5 -1 -4 4
3 0 5 3
3 3 5 11
-7 0 1 3
-1 0 6 3
0 0 6 3
-2 -1 -7 4
1 -1 -7 4
-7 0 -3 3
-2 0 6 3
1 0 6 3
1 3 6 11
6 0 -3 3
-6 0 -5 3
4 5 -5 8
2 5 5 11
3 4 5 11
-7 0 2 3
-3 -1 -7 4
2 -1 -7 4
-3 0 6 3
2 0 6 3
2 3 6 11
-5 -1 -6 4
4 -1 -6 4
-6 0 4 3
5 -1 -5 4
-7 0 -4 3
-5 0 5 3
4 0 5 3
2 4 6 11
-4 -1 -7 4
3 -1 -7 4
-7 0 3 3
-8 0 -1 3
-8 0 0 3
6 -1 -4 4
-1 -1 -8 4
0 -1 -8 4
-4 0 6 3
3 0 6 3
-8 0 -2 3
5 5 -5 0
-8 0 1 3
-2 -1 -8 4
1 -1 -8 4
-1 0 7 3
0 0 7 3
-7 0 -5 3
6 0 -5 3
-8 0 -3 3
3 4 6 11
7 0 -3 3
-2 0 7 3
1 0 7 3
-6 -1 -6 4
5 -1 -6 4
-6 0 5 3
-3 -1 -8 4
2 -1 -8 4
-5 -1 -7 4
-8 0 2 3
4 -1 -7 4
-7 0 4 3
-5 0 6 3
4 0 6 3
-3 0 7 3
2 0 7 3
5 6 -5 8
-8 0 -4 3
7 0 -4 3
-4 -1 -8 4
3 -1 -8 4
5 0 -7 3
-7 0 -6 3
-8 0 3 3
6 0 -6 3
-4 0 7 3
3 0 7 3
-9 0 -1 3
-9 0 0 3
-1 -1 -9 4
0 -1 -9 4
-6 -1 -7 4
5 -1 -7 4
-9 0 -2 3
-8 0 -5 3
7 0 -5 3
-2 -1 -9 4
1 -1 -9 4
-7 0 5 3
-9 0 1 3
-6 0 6 3
-1 0 8 3
0 0 8 3
-5 -1 -8 4
4 -1 -8 4
-9 0 -3 3
-2 0 8 3
1 0 8 3
-8 0 4 3
-3 -1 -9 4
2 -1 -9 4
-9 0 2 3
-5 0 7 3
4 0 7 3
-7 0 -7 3
6 0 -7 3
-3 0 8 3
2 0 8 3
-9 0 -4 3
7 0 -6 3
-4 -1 -9 4
3 -1 -9 4
-9 0 3 3
-6 -1 -8 4
5 -1 -8 4
-7 0 6 3
-4 0 8 3
3 0 8 3
-8 0 5 3
-6 0 7 3
-10 0 -1 3
-1 -1 -10 4
0 -1 -10 4
-9 0 -5 3
-10 0 0 3
-10 0 -2 3
-2 -1 -10 4
1 -1 -10 4
-5 -1 -9 4
4 -1 -9 4
-10 0 1 3
-9 0 4 3
-7 0 -8 3
6 0 -8 3
-10 0 -3 3
-8 0 -7 3
-3 -1 -10 4
2 -1 -10 4
-5 0 8 3
4 0 8 3
-10 0 2 3
5 0 -9 3
-9 0 -6 3
-10 0 -4 3
-8 0 6 3
-7 0 7 3
-4 -1 -10 4
3 -1 -10 4
-6 -1 -9 4
-10 0 3 3
-9 0 5 3
-6 0 8 3
-10 0 -5 3
-8 0 -8 3
-1 -1 -11 4
0 -1 -11 4
-5 -1 -10 4
4 -1 -10 4
-7 0 -9 3
6 0 -9 3
-9 0 -7 3
-2 -1 -11 4
1 -1 -11 4
-10 0 4 3
-3 -1 -11 4
-8 0 7 3
2 -1 -11 4
5 0 -10 3
-9 0 6 3
-10 0 -6 3
-7 0 8 3
-6 -1 -10 4
-4 -1 -11 4
3 -1 -11 4
-10 0 5 3
-8 0 -9 3
-9 0 -8 3
-7 0 -10 3
6 0 -10 3
-10 0 -7 3
-5 -1 -11 4
4 -1 -11 4
-1 -1 -12 4
0 -1 -12 4
-9 0 7 3
-8 0 8 3
-2 -1 -12 4
1 -1 -12 4
-10 0 6 3
5 0 -11 3
-3 -1 -12 4
2 -1 -12 4
-6 -1 -11 4
-9 0 -9 3
-8 0 -10 3
-10 0 -8 3
-4 -1 -12 4
3 -1 -12 4
4 0 -12 3
-7 0 -11 3
6 0 -11 3
-9 0 8 3
-10 0 7 3
-5 -1 -12 4
-1 -1 -13 4
0 -1 -13 4
-3 0 -13 3
-2 -1 -13 4
1 -1 -13 4
-6 0 -12 3
5 0 -12 3
-9 0 -10 3
-10 0 -9 3
2 -1 -13 4
-8 0 -11 3
-4 0 -13 3
3 0 -13 3
-10 0 8 3
-7 0 -12 3
-5 0 -13 3
4 0 -13 3
-10 0 -10 3
-1 0 -14 3
0 0 -14 3
-9 0 -11 3
-2 0 -14 3
1 0 -14 3
-6 0 -13 3
-3 0 -14 3
2 0 -14 3
-8 0 -12 3
-4 0 -14 3
3 0 -14 3
-7 0 -13 3
-10 0 -11 3
-5 0 -14 3
-9 0 -12 3
-1 0 -15 3
0 0 -15 3
-2 0 -15 3
1 0 -15 3
-6 0 -14 3
-8 0 -13 3
-3 0 -15 3
2 0 -15 3
-4 0 -15 3
3 0 -15 3
-10 0 -12 3
-7 0 -14 3
-9 0 -13 3
-5 0 -15 3
-8 0 -14 3
-1 0 -16 3
0 0 -16 3
-6 0 -15 3
-2 0 -16 3
1 0 -16 3
-3 0 -16 3
2 0 -16 3
-10 0 -13 3
-4 0 -16 3
-7 0 -15 3
-9 0 -14 3
-5 0 -16 3
-8 0 -15 3
-6 0 -16 3
-1 0 -17 3
0 0 -17 3
-10 0 -14 3
-2 0 -17 3
1 0 -17 3
-3 0 -17 3
2 0 -17 3
-7 0 -16 3
-9 0 -15 3
-4 0 -17 3
-5 0 -17 3
-8 0 -16 3
-10 0 -15 3
-6 0 -17 3
-1 0 -18 3
0 0 -18 3
-2 0 -18 3
-3 0 -18 3
-9 0 -16 3
-7 0 -17 3
-4 0 -18 3
-5 0 -18 3
-8 0 -17 3
-10 0 -16 3
-6 0 -18 3
-9 0 -17 3
-7 0 -18 3
-8 0 -18 3
-10 0 -17 3
-9 0 -18 3
-10 0 -18 3
