117
1 4 4 4
1 5 4 7
1 3 4 7
1 6 4 0
1 2 4 0
1 7 4 0
1 1 4 0
2 4 4 4
2 5 4 7
1 8 4 0
2 3 4 7
2 6 4 0
2 2 4 0
2 7 4 0
1 0 4 0
2 1 4 0
2 8 4 0
3 4 4 4
3 5 4 7
3 3 4 7
3 6 4 0
2 0 4 0
3 2 4 0
3 7 4 0
3 1 4 0
3 8 4 0
4 4 4 4
4 5 4 7
4 3 4 7
4 6 4 7
3 0 4 0
4 2 4 7
4 7 4 7
4 1 4 7
4 8 4 7
5 4 4 4
5 5 4 4
4 0 4 7
5 3 4 4
5 6 4 4
5 2 4 4
5 7 4 4
5 1 4 4
5 8 4 4
5 0 4 4
6 4 4 4
6 5 4 7
6 3 4 7
6 6 4 7
6 2 4 7
6 7 4 7
6 1 4 7
6 8 4 7
6 0 4 7
7 4 4 4
7 5 4 7
7 3 4 7
7 6 4 0
7 2 4 0
7 7 4 0
7 1 4 0
7 8 4 0
7 0 4 0
8 4 4 4
8 5 4 7
8 3 4 7
8 6 4 0
8 2 4 0
8 7 4 0
8 1 4 0
8 8 4 0
8 0 4 0
9 4 4 4
9 5 4 7
9 3 4 7
9 6 4 0
9 2 4 0
9 7 4 0
9 1 4 0
9 8 4 0
9 0 4 0
10 4 4 4
10 5 4 7
10 3 4 7
10 6 4 0
10 2 4 0
10 7 4 0
10 1 4 0
10 8 4 0
10 0 4 0
11 4 4 4
11 5 4 7
11 3 4 7
11 6 4 0
11 2 4 0
11 7 4 0
11 1 4 0
11 8 4 0
11 0 4 0
12 4 4 4
12 5 4 7
12 3 4 7
12 6 4 0
12 2 4 0
12 7 4 0
12 1 4 0
12 8 4 0
12 0 4 0
13 4 4 4
13 5 4 7
13 3 4 7
13 6 4 0
13 2 4 0
13 7 4 0
13 1 4 0
13 8 4 0
13 0 4 0
