66
5 1 7 5
5 0 6 5
5 1 9 5
5 1 6 5
5 0 10 5
5 2 8 5
5 2 7 5
5 1 10 5
5 0 5 5
5 2 9 5
5 0 11 5
4 1 7 4
4 0 6 4
4 1 9 4
4 1 6 4
4 0 10 4
4 2 8 4
4 2 7 4
4 1 10 4
4 0 5 4
4 2 9 4
4 0 11 4
3 1 7 3
3 0 6 3
3 1 9 3
3 1 6 3
3 0 10 3
3 2 8 3
3 2 7 3
3 1 10 3
3 0 5 3
3 2 9 3
3 0 11 3
2 1 7 2
2 0 6 2
2 1 9 2
2 1 6 2
2 0 10 2
2 2 8 2
2 2 7 2
2 1 10 2
2 0 5 2
2 2 9 2
2 0 11 2
1 1 7 1
1 0 6 1
1 1 9 1
1 1 6 1
1 0 10 1
1 2 8 1
1 2 7 1
1 1 10 1
1 0 5 1
1 2 9 1
1 0 11 1
0 1 7 0
0 0 6 0
0 1 9 0
0 1 6 0
0 0 10 0
0 2 8 0
0 2 7 0
0 1 10 0
0 0 5 0
0 2 9 0
0 0 11 0
